 1694620478 3698400065 3372881259 1965597283
  133889600  857036475 2558907391 3550734160
  153966610 1130674216 1900116921  737854591
 2303340151 3526943592 2940840682 1368150578
 2010323215 2445484269  404818155 2580987804
 1350374496 2849657940 2739886786 1086601249
  247220773 1040973604 1903465364 3873176328
  252696977  401987223  276007525 2299645576
 4171250520 3200868997 3289702946 1740670791
 2023982549  373136899 4064926353 3021036690
  650297620 2548472981 1911509284 3305376928
 4014173161 4089131660 3590852663  172891375
 2342453257 3312050285  901440500 3790952553
  731187406 2210894152 1421709850 1246848108
 3908041772 2841974287  152358591  623488470
  779827790 2361605349 4151109078 3826028745
  136827959 2146486572 2304029045 1848896190
 1681814287 1011198309 3564435933 3274902416
 2169399735 3581736820  582929175  657766658
 2811730626 3967810570 3594335139  201842348
 2138264253  934816993 2994235818 2849663336
 2027321340 1544684125 3273895056 1080368415
 1908322377 2553120878 4171063489  979600701
 2748331175 3787289401 3914051203  634415100
 4139210543 4228036987 2767294967 2356285451
 3224281963 3864138550 1278098719   12662890
 4120325777 1346072506 2286265933 1813205357
 4125781814 3597374545 1381738903 3900773891
  521633579 1205728030 1062303253 1739688106
 1440540311 2444017072 1533625416 1743097476
 1788631795 2365804623 2509523345 2762810452
 3775304206 1110867519 1987946654 2729942977
 2030896044 1872038585 1300728457 2759232793
  879604308  703063986 2475862791  533318232
 2703307498  725980859 1484317698  388180516
 4119788762 1464778900 3368540208 1834257521
 2108493387  876091866 2752395741 2991180046
 1853920217 1423104362
